4294967279,93
4294967279,92
4294967279,91
4294967279,90
4294967279,89
4294967279,87
4294967279,114
4294967279,113
4294967279,112
4294967279,111
4294967279,110
4294967279,109
4294967279,108
4294967279,107
4294967279,106
4294967279,105
4294967279,104
4294967279,103
4294967279,102
4294967279,101
4294967279,100
4294967279,99
4294967279,98
4294967279,97
4294967279,96
4294967279,95
4294967279,94
4294967279,426
4294967278,359
4294967279,123
4294967279,441
4294967279,254
4294967279,387
4294967278,250
4294967279,122
4294967279,253
4294967278,389
4294967278,247
4294967278,374
4294967279,121
4294967279,120
4294967279,464
4294967279,118
4294967279,479
4294967279,244
4294967279,119
4294967279,247
4294967278,242
4294967279,117
4294967279,243
4294967278,393
4294967279,116
4294967279,241
4294967279,115
4294967279,239
4294967278,372
4294967278,55
4294967278,54
4294967278,53
4294967278,52
4294967278,49
4294967278,47
4294967278,46
4294967278,45
4294967278,43
4294967278,260
4294967278,39
4294967278,37
4294967278,36
4294967278,35
4294967278,34
4294967278,419
4294967278,32
4294967278,337
4294967278,31
4294967278,336
4294967278,30
4294967278,29
4294967278,403
4294967278,28
4294967278,27
4294967278,26
4294967278,25
4294967278,24
4294967278,23
4294967278,22
4294967278,21
4294967278,20
4294967278,19
4294967278,18
4294967278,17
4294967278,16
4294967278,15
4294967278,14
4294967278,13
4294967278,12
4294967278,11
4294967278,10
4294967278,9
4294967278,8
4294967278,7
4294967278,6
4294967278,5
4294967278,4
4294967279,132
4294967279,131
4294967279,130
4294967279,129
4294967279,128
4294967279,127
4294967279,126
4294967279,125
4294967279,124
4294967279,174
4294967279,452
4294967278,236
4294967278,229
4294967278,232
4294967278,224
4294967278,220
4294967278,218
4294967294,437
4294967279,492
4294967278,406
4294967294,989
4294967279,491
4294967294,395
4294967294,410
4294967294,180
4294967294,110
4294967294,466
4294967294,449
4294967294,468
4294967278,211
4294967279,490
4294967278,398
4294967278,206
4294967278,312
4294967294,1023
4294967294,163
4294967294,983
4294967294,980
4294967278,390
4294967278,427
4294967278,202
4294967294,127
4294967294,19
4294967294,961
4294967294,420
4294967294,401
4294967294,190
4294967294,161
4294967294,12
4294967278,413
4294967279,422
4294967278,194
4294967279,194
4294967278,357
4294967279,193
4294967279,191
4294967278,356
4294967278,188
4294967278,426
4294967279,190
201,8
4294967278,306
4294967278,388
4294967279,188
201,7
4294967278,425
4294967279,489
4294967279,488
4294967278,424
4294967279,437
4294967278,367
4294967279,436
4294967279,183
4294967278,401
4294967279,418
4294967279,180
4294967279,177
201,6
4294967279,179
201,5
201,4
201,2
201,1
4294967279,456
4294967278,299
4294967278,365
4294967279,306
4294967279,173
4294967279,433
4294967278,364
4294967279,172
4294967278,170
4294967294,114
4294967294,475
4294967279,463
4294967278,169
4294967278,397
4294967279,170
4294967278,168
4294967278,167
4294967278,166
4294967279,167
4294967279,303
4294967278,165
4294967278,51
4294967278,294
4294967278,44
4294967278,50
4294967278,355
4294967278,48
4294967278,354
4294967279,161
4294967278,159
4294967279,160
4294967278,158
4294967278,156
4294967279,159
4294967278,157
4294967278,412
4294967279,158
4294967278,42
4294967278,346
4294967278,33
4294967278,41
4294967278,340
4294967278,40
4294967278,345
4294967279,152
4294967278,151
4294967279,151
4294967278,38
4294967278,150
4294967278,344
4294967279,150
4294967278,149
4294967278,148
4294967278,145
4294967279,148
198,6
4294967278,414
4294967278,147
198,5
4294967279,147
198,4
4294967278,146
198,2
198,1
4294967279,146
4294967279,141
4294967279,140
4294967279,472
4294967279,139
4294967279,276
4294967279,135
4294967279,137
4294967279,293
4294967279,275
4294967294,387
4294967294,388
4294967279,292
4294967279,398
4294967279,273
4294967278,132
4294967278,131
4294967278,130
4294967278,126
4294967278,124
4294967278,123
4294967278,122
4294967278,121
4294967278,120
4294967278,117
4294967278,115
4294967278,114
4294967278,113
4294967278,111
4294967278,107
4294967278,105
4294967278,104
4294967278,103
4294967278,102
4294967278,97
4294967278,95
4294967278,94
4294967278,93
4294967278,92
4294967278,91
4294967278,90
4294967278,89
4294967278,87
4294967278,86
4294967278,85
4294967278,84
4294967278,83
4294967278,82
4294967278,78
4294967278,76
4294967278,75
4294967278,74
4294967278,73
4294967278,71
4294967278,70
4294967278,69
4294967278,68
4294967278,67
4294967278,66
4294967278,64
4294967278,63
4294967278,62
4294967278,61
4294967278,60
4294967278,59
4294967278,58
4294967278,57
4294967278,56
4294967279,446
4294967279,84
4294967279,315
4294967279,83
4294967279,82
4294967279,314
4294967279,81
4294967279,78
4294967279,460
4294967279,77
4294967279,76
